[[583, 189],
[576, 197],
[569, 205],
[560, 214],
[551, 225],
[543, 236],
[537, 246],
[532, 257],
[528, 267],
[525, 278],
[524, 287],
[522, 300],
[522, 311],
[522, 322],
[523, 334],
[525, 346],
[526, 355],
[529, 368],
[533, 378],
[537, 390],
[542, 400],
[545, 405],
[546, 404],
[547, 403],
[549, 405],
[553, 407],
[557, 406],
[569, 410],
[580, 410],
[584, 416],
[594, 416],
[600, 408],
[-1, -1],
[632, 408],
[647, 402],
[-1, -1],
[-1, -1],
[656, 398],
[651, 402],
[645, 395],
[657, 410],
[674, 421],
[672, 413],
[666, 408],
[676, 417],
[676, 417],
[-1, -1],
[667, 412],
[-1, -1],
[-1, -1],
[-1, -1],
[674, 417],
[-1, -1],
[670, 415],
[-1, -1],
[659, 413],
[669, 407],
[674, 397],
[672, 394],
[668, 385],
[-1, -1],
[660, 365],
[656, 354],
[651, 342],
[647, 333],
[641, 322],
[637, 314],
[632, 304],
[630, 293],
[620, 285],
[614, 275],
[609, 266],
[603, 254],
[597, 243],
[591, 233],
[586, 221],
[580, 210],
[575, 198],
[569, 186],
[564, 176],
[558, 166],
[553, 155],
[548, 144],
[543, 133],
[538, 121],
[533, 110],
[529, 101],
[528, 106],
[523, 112],
[515, 114],
[505, 117],
[493, 121],
[484, 125],
[474, 130],
[464, 137],
[456, 143],
[447, 152],
[439, 161],
[433, 171],
[428, 181],
[423, 191],
[419, 202],
[415, 213],
[411, 224],
[407, 237],
[404, 247],
[401, 259],
[396, 270],
[392, 280],
[388, 290],
[383, 301],
[379, 311],
[374, 321],
[370, 332],
[366, 342],
[361, 354],
[357, 366],
[352, 378],
[348, 390],
[343, 402],
[341, 406],
[340, 402],
[337, 401],
[332, 403],
[325, 406],
[302, 416],
[309, 411],
[301, 408],
[292, 404],
[284, 399],
[277, 393],
[268, 385],
[262, 376],
[255, 365],
[250, 356],
[244, 342],
[241, 331],
[238, 318],
[235, 305],
[232, 293],
[230, 281],
[227, 269],
[224, 259],
[220, 245],
[217, 233],
[214, 222],
[211, 210],
[208, 199],
[204, 187],
[201, 175],
[-1, -1],
[-1, -1],
[191, 135],
[188, 120],
[185, 106],
[183, 98],
[-1, -1],
[176, 108],
[171, 109],
[165, 106],
[164, 104],
[166, 100],
[-1, -1],
[-1, -1],
[160, 91],
[161, 90],
[162, 89],
[163, 88],
[164, 87],
[164, 86],
[177, 92],
[164, 82],
[166, 85],
[165, 95],
[163, 103],
[161, 110],
[164, 114],
[164, 119],
[165, 123],
[168, 130],
[166, 138],
[163, 148],
[161, 160],
[159, 170],
[159, 181],
[159, 191],
[161, 203],
[162, 214],
[165, 226],
[167, 237],
[172, 262],
[172, 258],
[176, 268],
[179, 278],
[182, 290],
[186, 301],
[188, 313],
[191, 326],
[194, 338],
[196, 350],
[197, 361],
[198, 374],
[198, 385],
[197, 398],
[208, 392],
[200, 398],
[200, 395],
[195, 394],
[186, 393],
[166, 384],
[167, 387],
[161, 390],
[165, 392],
[165, 380],
[165, 371],
[167, 359],
[170, 346],
[174, 334],
[180, 322],
[186, 309],
[195, 296],
[201, 284],
[209, 274],
[217, 264],
[226, 255],
[235, 246],
[244, 236],
[254, 227],
[262, 219],
[272, 209],
[279, 201],
[287, 192],
[296, 183],
[305, 173],
[314, 162],
[323, 152],
[331, 142],
[338, 133],
[347, 122],
[354, 112],
[361, 102],
[366, 96],
[368, 102],
[373, 104],
[381, 104],
[-1, -1],
[403, 103],
[414, 104],
[427, 105],
[439, 107],
[452, 111],
[465, 116],
[477, 121],
[488, 127],
[500, 133],
[511, 140],
[523, 148],
[534, 155],
[544, 162],
[555, 169],
[566, 175],
[575, 181],
[586, 188],
[596, 195],
[607, 203],
[610, 199],
[628, 218],
[638, 225],
[649, 232],
[658, 238],
[661, 242],
[655, 243],
[651, 248],
[647, 257],
[642, 265],
[636, 274],
[629, 283],
[622, 291],
[615, 298],
[606, 307],
[598, 314],
[587, 323],
[576, 334],
[565, 344],
[554, 354],
[546, 362],
[536, 372],
[527, 380],
[517, 389],
[506, 396],
[493, 404],
[483, 409],
[473, 413],
[460, 417],
[451, 419],
[444, 417],
[436, 414],
[427, 411],
[415, 410],
[403, 410],
[392, 411],
[381, 413],
[370, 415],
[360, 416],
[351, 416],
[341, 417],
[330, 417],
[306, 418],
[305, 417],
[293, 418],
[290, 422],
[274, 416],
[266, 416],
[257, 415],
[246, 414],
[232, 411],
[220, 410],
[209, 408],
[196, 406],
[185, 404],
[173, 403],
[166, 402],
[169, 399],
[171, 404],
[179, 391],
[170, 402],
[165, 402],
[169, 397],
[169, 397],
[169, 397],
[169, 397],
[162, 405],
[161, 404],
[-1, -1],
[156, 404],
[154, 408],
[160, 418],
[161, 411],
[-1, -1],
[176, 415],
[-1, -1],
[-1, -1],
[216, 417],
[226, 417],
[237, 416],
[248, 416],
[259, 416],
[-1, -1],
[284, 415],
[298, 415],
[313, 414],
[326, 412],
[340, 412],
[354, 411],
[366, 410],
[379, 409],
[391, 408],
[402, 406],
[414, 406],
[427, 405],
[439, 405],
[452, 405],
[464, 405],
[474, 405],
[485, 406],
[496, 406],
[507, 407],
[518, 407],
[530, 407],
[541, 406],
[550, 406],
[562, 404],
[571, 403],
[582, 401],
[594, 399],
[604, 398],
[613, 396],
[623, 394],
[-1, -1],
[645, 393],
[655, 392],
[-1, -1],
[655, 389],
[651, 389],
[656, 377],
[660, 376],
[652, 358],
[648, 349],
[643, 338],
[639, 326],
[633, 314],
[628, 304],
[622, 289],
[617, 276],
[612, 265],
[607, 254],
[602, 245],
[598, 235],
[592, 225],
[586, 215],
[580, 205],
[574, 197],
[567, 188],
[560, 180],
[540, 166],
[532, 160],
[533, 160],
[523, 154],
[514, 148],
[503, 144],
[491, 140],
[481, 138],
[470, 135],
[459, 132],
[449, 131],
[437, 128],
[426, 126],
[416, 125],
[405, 124],
[394, 123],
[383, 122],
[372, 122],
[360, 121],
[349, 120],
[338, 120],
[327, 120],
[315, 120],
[305, 121],
[294, 122],
[281, 124],
[270, 126],
[259, 129],
[249, 133],
[239, 137],
[231, 142],
[222, 147],
[215, 153],
[206, 161],
[198, 168],
[192, 176],
[186, 184],
[179, 192],
[173, 202],
[168, 213],
[163, 222],
[158, 234],
[155, 244],
[152, 255],
[150, 264],
[149, 273],
[149, 282],
[149, 291],
[151, 300],
[153, 310],
[155, 317],
[158, 327],
[163, 336],
[168, 344],
[173, 351],
[179, 358],
[187, 365],
[194, 371],
[202, 376],
[201, 380],
[219, 385],
[229, 390],
[227, 392],
[251, 400],
[262, 405],
[273, 409],
[298, 416],
[295, 415],
[305, 417],
[316, 418],
[324, 418],
[335, 419],
[347, 419],
[357, 418],
[367, 418],
[-1, -1],
[379, 420],
[397, 412],
[406, 410],
[416, 407],
[425, 403],
[435, 398],
[444, 392],
[453, 386],
[461, 379],
[469, 372],
[477, 365],
[485, 357],
[493, 350],
[501, 343],
[511, 334],
[519, 327],
[527, 319],
[537, 311],
[546, 302],
[556, 294],
[564, 286],
[574, 278],
[583, 269],
[592, 259],
[602, 249],
[610, 239],
[617, 230],
[624, 219],
[631, 208],
[636, 199],
[642, 186],
[647, 175],
[651, 162],
[655, 151],
[659, 138],
[662, 126],
[665, 115],
[669, 103],
[669, 102],
[656, 102],
[659, 107],
[650, 104],
[638, 101],
[626, 98],
[614, 97],
[603, 95],
[590, 94],
[578, 92],
[565, 90],
[552, 89],
[539, 87],
[527, 86],
[516, 86],
[504, 86],
[493, 85],
[483, 86],
[472, 89],
[460, 93],
[448, 98],
[438, 103],
[427, 108],
[415, 114],
[405, 119],
[394, 125],
[381, 131],
[370, 136],
[358, 140],
[346, 145],
[334, 149],
[321, 153],
[309, 156],
[295, 158],
[283, 161],
[271, 164],
[258, 166],
[245, 169],
[232, 172],
[220, 174],
[207, 176],
[194, 178],
[180, 178],
[168, 178],
[163, 180],
[164, 182],
[160, 184],
[162, 184],
[164, 181],
[-1, -1],
[156, 176],
[170, 156],
[175, 149],
[181, 141],
[188, 135],
[197, 129],
[207, 122],
[218, 114],
[228, 106],
[238, 99],
[246, 93],
[248, 98],
[247, 106],
[262, 109],
[270, 116],
[279, 125],
[288, 136],
[297, 147],
[304, 157],
[311, 168],
[318, 179],
[324, 189],
[331, 200],
[337, 212],
[342, 223],
[348, 235],
[354, 246],
[360, 257],
[366, 268],
[371, 278],
[376, 288],
[382, 298],
[388, 308],
[394, 318],
[401, 329],
[408, 339],
[415, 349],
[421, 359],
[428, 369],
[435, 377],
[442, 387],
[450, 396],
[458, 403],
[464, 406],
[469, 400],
[475, 397],
[498, 400],
[496, 396],
[510, 396],
[525, 397],
[537, 397],
[550, 395],
[563, 393],
[574, 391],
[587, 387],
[597, 384],
[607, 380],
[618, 375],
[628, 371],
[639, 367],
[652, 362],
[658, 360],
[651, 360],
[-1, -1],
[645, 365],
[646, 375],
[643, 387],
[638, 399],
[633, 408],
[632, 409],
[628, 410],
[622, 409],
[614, 406],
[606, 403],
[597, 399],
[587, 393],
[579, 387],
[570, 380],
[560, 373],
[552, 366],
[541, 359],
[531, 353],
[520, 346],
[510, 340],
[499, 333],
[489, 327],
[478, 321],
[468, 315],
[458, 308],
[447, 301],
[437, 296],
[426, 290],
[415, 285],
[402, 279],
[391, 275],
[379, 271],
[367, 267],
[355, 264],
[343, 261],
[331, 258],
[320, 256],
[306, 254],
[294, 252],
[282, 250],
[269, 249],
[257, 248],
[244, 247],
[233, 245],
[220, 243],
[209, 242],
[198, 241],
[188, 239],
[176, 238],
[165, 236],
[166, 237],
[168, 237],
[168, 237],
[164, 235],
[163, 234],
[166, 231],
[166, 228],
[164, 220],
[162, 210],
[159, 199],
[157, 185],
[155, 172],
[153, 159],
[-1, -1],
[155, 142],
[160, 134],
[166, 125],
[171, 117],
[-1, -1],
[182, 102],
[189, 93],
[192, 92],
[198, 93],
[206, 96],
[216, 100],
[225, 106],
[234, 112],
[244, 121],
[253, 130],
[261, 139],
[270, 148],
[277, 158],
[285, 169],
[291, 179],
[298, 188],
[304, 198],
[310, 208],
[315, 218],
[321, 230],
[325, 240],
[329, 251],
[333, 263],
[337, 275],
[340, 286],
[344, 298],
[348, 308],
[352, 319],
[355, 330],
[359, 341],
[363, 353],
[367, 363],
[371, 375],
[376, 387],
[381, 398],
[384, 403],
[387, 396],
[394, 394],
[404, 391],
[415, 388],
[425, 383],
[436, 378],
[447, 372],
[455, 365],
[463, 356],
[470, 347],
[477, 338],
[483, 327],
[487, 316],
[491, 305],
[495, 293],
[498, 281],
[501, 270],
[504, 259],
[507, 248],
[510, 236],
[514, 224],
[516, 214],
[519, 203],
[521, 192],
[524, 181],
[527, 169],
[531, 156],
[534, 143],
[537, 131],
[539, 120],
[541, 107],
[542, 99],
[542, 101],
[540, 102],
[535, 101],
[526, 101],
[504, 110],
[506, 104],
[494, 107],
[484, 112],
[473, 118],
[463, 124],
[453, 132],
[443, 140],
[435, 148],
[427, 156],
[419, 164],
[411, 174],
[404, 183],
[397, 193],
[390, 203],
[384, 214],
[379, 225],
[375, 236],
[372, 247],
[370, 258],
[368, 270],
[366, 281],
[364, 293],
[363, 304],
[361, 316],
[360, 329],
[359, 341],
[357, 354],
[356, 366],
[356, 377],
[355, 390],
[354, 401],
[355, 402],
[354, 400],
[353, 400],
[351, 400],
[348, 405],
[344, 408],
[340, 407],
[335, 407],
[327, 406],
[320, 406],
[310, 405],
[301, 404],
[290, 402],
[279, 400],
[268, 397],
[257, 394],
[246, 391],
[234, 388],
[223, 384],
[212, 381],
[200, 378],
[189, 375],
[178, 372],
[168, 369],
[172, 367],
[175, 363],
[166, 344],
[177, 347],
[178, 335],
[182, 321],
[185, 309],
[188, 296],
[193, 282],
[198, 270],
[204, 259],
[210, 248],
[219, 237],
[226, 227],
[234, 217],
[241, 208],
[248, 198],
[255, 188],
[263, 177],
[269, 167],
[275, 155],
[-1, -1],
[285, 133],
[289, 122],
[-1, -1],
[295, 98],
[296, 103],
[295, 107],
[293, 107],
[290, 106],
[284, 100],
[277, 93],
[272, 91],
[267, 94],
[259, 96],
[249, 98],
[237, 101],
[226, 104],
[216, 108],
[205, 112],
[193, 116],
[183, 120],
[172, 124],
[165, 128],
[166, 131],
[166, 136],
[164, 143],
[161, 152],
[159, 163],
[156, 174],
[156, 184],
[154, 195],
[153, 205],
[153, 215],
[153, 227],
[154, 237],
[154, 248],
[155, 257],
[156, 268],
[156, 278],
[156, 289],
[156, 301],
[157, 310],
[156, 320],
[155, 332],
[154, 341],
[155, 349],
[157, 358],
[160, 367],
[164, 376],
[168, 385],
[169, 394],
[182, 416],
[175, 407],
[173, 401],
[176, 401],
[168, 410],
[172, 406],
[178, 408],
[-1, -1],
[-1, -1],
[-1, -1],
[-1, -1],
[174, 400],
[170, 384],
[174, 372],
[178, 361],
[183, 348],
[189, 338],
[196, 327],
[204, 316],
[212, 305],
[222, 295],
[232, 285],
[241, 276],
[251, 268],
[262, 261],
[274, 255],
[285, 249],
[297, 244],
[308, 240],
[320, 235],
[332, 231],
[344, 226],
[355, 222],
[367, 216],
[377, 211],
[389, 204],
[401, 199],
[412, 193],
[424, 188],
[434, 182],
[446, 177],
[457, 172],
[468, 167],
[480, 163],
[492, 159],
[503, 155],
[515, 151],
[527, 147],
[539, 142],
[551, 138],
[563, 135],
[575, 130],
[587, 126],
[597, 122],
[609, 118],
[619, 114],
[642, 108],
[642, 105],
[653, 100],
[662, 95],
[664, 93],
[665, 91],
[663, 92],
[663, 95],
[668, 99],
[671, 105],
[673, 111],
[674, 117],
[676, 124],
[675, 127],
[672, 133],
[669, 140],
[665, 149],
[661, 159],
[657, 167],
[651, 178],
[644, 200],
[643, 198],
[639, 209],
[635, 220],
[631, 232],
[626, 244],
[621, 255],
[615, 267],
[610, 277],
[604, 287],
[597, 298],
[591, 307],
[584, 318],
[575, 329],
[567, 338],
[559, 348],
[550, 357],
[541, 365],
[532, 373],
[523, 381],
[515, 388],
[507, 396],
[498, 405],
[492, 409],
[488, 407],
[480, 403],
[472, 399],
[464, 393],
[455, 384],
[447, 377],
[439, 366],
[432, 357],
[425, 346],
[418, 335],
[412, 323],
[405, 312],
[399, 301],
[393, 291],
[387, 281],
[381, 270],
[375, 260],
[369, 249],
[363, 239],
[357, 227],
[352, 215],
[346, 203],
[341, 191],
[335, 177],
[330, 164],
[326, 153],
[322, 140],
[318, 127],
[315, 113],
[312, 101],
[312, 114],
[312, 108],
[317, 111],
[325, 115],
[332, 118],
[339, 122],
[347, 129],
[354, 138],
[360, 146],
[366, 157],
[372, 169],
[377, 182],
[382, 195],
[387, 207],
[390, 218],
[392, 230],
[395, 241],
[396, 251],
[397, 262],
[397, 274],
[396, 285],
[394, 296],
[392, 308],
[389, 320],
[385, 331],
[380, 342],
[374, 352],
[368, 362],
[361, 371],
[352, 380],
[345, 388],
[337, 396],
[328, 405],
[321, 410],
[316, 410],
[309, 410],
[302, 411],
[291, 411],
[281, 411],
[270, 410],
[258, 408],
[245, 404],
[235, 400],
[222, 394],
[211, 388],
[202, 382],
[192, 373],
[183, 362],
[175, 352],
[168, 342],
[163, 332],
[158, 321],
[153, 309],
[151, 302],
[153, 295],
[158, 289],
[162, 283],
[167, 273],
[170, 265],
[174, 257],
[179, 246],
[185, 234],
[191, 223],
[197, 211],
[204, 200],
[210, 189],
[216, 179],
[223, 168],
[230, 158],
[236, 148],
[243, 139],
[249, 129],
[256, 117],
[262, 106],
[-1, -1],
[-1, -1],
[269, 100],
[-1, -1],
[273, 96],
[275, 100],
[280, 100],
[290, 102],
[300, 104],
[310, 108],
[319, 111],
[330, 117],
[339, 123],
[348, 129],
[357, 136],
[367, 144],
[377, 151],
[386, 158],
[396, 165],
[406, 172],
[415, 179],
[425, 186],
[435, 194],
[444, 201],
[454, 209],
[463, 218],
[471, 226],
[480, 236],
[488, 245],
[494, 255],
[500, 264],
[505, 275],
[509, 286],
[512, 297],
[514, 310],
[516, 324],
[518, 336],
[520, 348],
[522, 359],
[523, 371],
[524, 383],
[526, 394],
[528, 402],
[529, 400],
[530, 398],
[526, 398],
[519, 401],
[513, 404],
[503, 408],
[494, 412],
[485, 416],
[478, 417],
[468, 417],
[458, 415],
[446, 412],
[435, 410],
[421, 408],
[407, 406],
[394, 406],
[382, 406],
[370, 407],
[360, 408],
[348, 409],
[338, 411],
[328, 413],
[321, 414],
[313, 412],
[303, 408],
[294, 404],
[285, 399],
[277, 393],
[269, 386],
[261, 379],
[254, 371],
[246, 363],
[237, 352],
[230, 344],
[222, 336],
[213, 327],
[205, 318],
[196, 310],
[188, 302],
[178, 294],
[170, 287],
[162, 280],
[163, 278],
[162, 276],
[163, 274],
[161, 270],
[162, 269],
[161, 269],
[163, 269],
[163, 277],
[168, 288],
[176, 295],
[182, 300],
[190, 305],
[200, 307],
[210, 307],
[222, 307],
[233, 305],
[246, 302],
[258, 299],
[269, 295],
[280, 292],
[291, 288],
[303, 284],
[314, 280],
[325, 275],
[337, 270],
[349, 265],
[359, 261],
[371, 255],
[382, 250],
[394, 244],
[407, 238],
[418, 232],
[429, 226],
[439, 220],
[448, 215],
[458, 208],
[468, 202],
[478, 195],
[487, 188],
[495, 181],
[504, 173],
[512, 164],
[519, 155],
[526, 146],
[532, 135],
[539, 125],
[544, 115],
[550, 105],
[555, 97],
[557, 100],
[562, 103],
[570, 105],
[579, 108],
[588, 114],
[599, 121],
[608, 126],
[617, 133],
[626, 140],
[634, 147],
[643, 155],
[653, 162],
[662, 170],
[663, 172],
[659, 172],
[655, 179],
[651, 186],
[643, 195],
[635, 203],
[625, 211],
[608, 224],
[598, 232],
[596, 235],
[587, 243],
[578, 250],
[570, 257],
[560, 264],
[551, 271],
[540, 278],
[530, 284],
[519, 289],
[507, 294],
[495, 298],
[482, 302],
[471, 304],
[458, 306],
[445, 308],
[433, 310],
[422, 311],
[409, 312],
[397, 313],
[387, 314],
[375, 314],
[365, 316],
[354, 316],
[341, 318],
[329, 319],
[318, 320],
[307, 321],
[295, 322],
[282, 322],
[269, 323],
[258, 323],
[245, 324],
[233, 324],
[221, 324],
[209, 323],
[197, 322],
[185, 322],
[188, 320],
[168, 322],
[-1, -1],
[172, 325],
[171, 334],
[173, 345],
[175, 355],
[181, 366],
[186, 375],
[194, 386],
[203, 397],
[211, 405],
[213, 405],
[218, 401],
[224, 397],
[229, 398],
[237, 400],
[245, 405],
[-1, -1],
[258, 406],
[264, 407],
[272, 404],
[280, 404],
[287, 405],
[295, 404],
[304, 406],
[312, 409],
[321, 409],
[330, 411],
[340, 412],
[349, 413],
[360, 412],
[370, 411],
[381, 409],
[392, 407],
[402, 405],
[413, 403],
[423, 400],
[435, 397],
[447, 394],
[459, 392],
[472, 390],
[484, 388],
[497, 386],
[510, 384],
[521, 381],
[532, 380],
[543, 377],
[556, 375],
[568, 373],
[581, 371],
[593, 369],
[606, 368],
[618, 367],
[631, 365],
[641, 362],
[653, 360],
[659, 359],
[656, 362],
[656, 365],
[660, 369],
[662, 373],
[661, 375],
[661, 380],
[661, 386],
[662, 392],
[663, 401],
[662, 402],
[661, 399],
[666, 400],
[658, 404],
[642, 412],
[640, 409],
[634, 412],
[-1, -1],
[-1, -1],
[612, 412],
[605, 409],
[597, 405],
[587, 398],
[577, 392],
[568, 384],
[560, 378],
[553, 370],
[546, 362],
[539, 354],
[532, 346],
[525, 338],
[516, 330],
[508, 323],
[499, 316],
[491, 309],
[481, 301],
[472, 294],
[462, 287],
[453, 280],
[443, 273],
[434, 267],
[425, 259],
[416, 251],
[406, 242],
[397, 233],
[388, 223],
[381, 212],
[374, 201],
[368, 190],
[362, 178],
[358, 167],
[354, 154],
[350, 142],
[346, 129],
[342, 117],
[338, 104],
[337, 100],
[336, 107],
[-1, -1],
[-1, -1],
[341, 105],
[346, 99],
[364, 92],
[358, 90],
[366, 89],
[374, 88],
[383, 88],
[392, 88],
[399, 90],
[406, 95],
[417, 101],
[427, 107],
[436, 112],
[445, 118],
[454, 126],
[462, 133],
[469, 142],
[476, 153],
[482, 162],
[487, 174],
[491, 185],
[494, 196],
[498, 207],
[500, 219],
[501, 233],
[502, 246],
[503, 257],
[504, 269],
[506, 281],
[507, 292],
[508, 305],
[509, 315],
[509, 326],
[509, 337],
[508, 348],
[508, 361],
[507, 372],
[506, 383],
[505, 395],
[505, 401],
[507, 400],
[512, 399],
[518, 400],
[526, 402],
[537, 404],
[548, 406],
[562, 407],
[574, 407],
[585, 406],
[597, 406],
[607, 405],
[618, 404],
[630, 404],
[641, 404],
[660, 403],
[660, 404],
[670, 406],
[661, 403],
[659, 406],
[-1, -1],
[-1, -1],
[664, 397],
[659, 400],
[640, 408],
[645, 406],
[636, 409],
[624, 413],
[612, 416],
[602, 418],
[591, 419],
[574, 422],
[574, 419],
[566, 419],
[556, 419],
[559, 422],
[534, 418],
[522, 419],
[511, 419],
[-1, -1],
[492, 417],
[470, 414],
[476, 415],
[464, 414],
[455, 412],
[444, 412],
[432, 410],
[420, 409],
[407, 409],
[396, 410],
[385, 411],
[374, 412],
[364, 412],
[354, 412],
[343, 412],
[331, 412],
[320, 412],
[310, 412],
[299, 413],
[289, 415],
[278, 415],
[268, 416],
[255, 417],
[243, 418],
[232, 418],
[222, 419],
[210, 419],
[-1, -1],
[188, 418],
[176, 418],
[169, 417],
[166, 413],
[164, 405],
[164, 398],
[-1, -1],
[157, 389],
[-1, -1],
[-1, -1],
[160, 398],
[153, 394],
[156, 390],
[159, 397],
[162, 402],
[163, 401],
[163, 402],
[182, 401],
[191, 400],
[200, 398],
[210, 395],
[222, 390],
[232, 386],
[243, 380],
[255, 373],
[266, 365],
[277, 357],
[287, 349],
[299, 339],
[310, 331],
[320, 324],
[330, 317],
[340, 310],
[352, 303],
[363, 295],
[373, 288],
[382, 281],
[390, 274],
[399, 266],
[406, 258],
[415, 249],
[423, 239],
[430, 229],
[435, 219],
[439, 208],
[443, 197],
[446, 187],
[449, 175],
[450, 164],
[452, 152],
[452, 141],
[451, 131],
[449, 121],
[447, 110],
[445, 99],
[445, 100],
[445, 99],
[446, 98],
[448, 99],
[454, 99],
[461, 100],
[469, 101],
[476, 104],
[484, 109],
[491, 116],
[498, 123],
[503, 132],
[507, 142],
[510, 154],
[514, 165],
[516, 177],
[518, 188],
[520, 200],
[523, 211],
[525, 223],
[527, 235],
[530, 245],
[532, 257],
[534, 267],
[537, 277],
[540, 289],
[543, 300],
[547, 313],
[551, 323],
[556, 334],
[561, 343],
[566, 353],
[573, 363],
[580, 372],
[587, 382],
[596, 393],
[602, 400],
[613, 416],
[614, 408],
[619, 407],
[624, 408],
[628, 408],
[632, 405],
[637, 406],
[641, 407],
[645, 405],
[643, 404],
[-1, -1],
[662, 411],
[-1, -1],
[-1, -1],
[-1, -1],
[-1, -1],
[655, 414],
[663, 415],
[674, 419],
[-1, -1],
[674, 426],
[661, 419],
[-1, -1],
[655, 413],
[661, 405],
[664, 406],
[670, 387],
[671, 380],
[669, 367],
[665, 358],
[659, 348],
[654, 339],
[646, 331],
[637, 323],
[626, 315],
[616, 309],
[605, 304],
[595, 300],
[583, 296],
[573, 294],
[563, 292],
[552, 290],
[541, 288],
[530, 285],
[519, 283],
[507, 280],
[496, 278],
[484, 275],
[472, 274],
[460, 272],
[448, 271],
[437, 270],
[425, 271],
[414, 272],
[403, 273],
[391, 274],
[380, 275],
[369, 275],
[358, 277],
[348, 278],
[338, 281],
[328, 283],
[318, 286],
[307, 289],
[297, 291],
[287, 294],
[277, 297],
[267, 300],
[255, 303],
[245, 304],
[233, 306],
[223, 308],
[212, 310],
[200, 310],
[190, 312],
[178, 312],
[168, 312],
[164, 315],
[164, 317],
[163, 320],
[165, 324],
[163, 330],
[153, 341],
[154, 349],
[151, 356],
[148, 365],
[147, 372],
[147, 382],
[150, 389],
[152, 399],
[151, 392],
[157, 401],
[162, 403],
[166, 404],
[-1, -1],
[179, 403],
[191, 403],
[200, 401],
[209, 399],
[221, 395],
[232, 391],
[243, 385],
[254, 380],
[266, 374],
[278, 368],
[291, 362],
[303, 356],
[315, 351],
[328, 347],
[340, 343],
[353, 340],
[366, 337],
[379, 335],
[391, 333],
[403, 331],
[415, 329],
[427, 326],
[437, 324],
[449, 322],
[461, 320],
[474, 317],
[487, 315],
[498, 312],
[511, 310],
[523, 308],
[534, 305],
[546, 302],
[557, 300],
[568, 296],
[578, 293],
[588, 289],
[600, 285],
[611, 280],
[621, 276],
[633, 272],
[643, 267],
[652, 262],
[660, 257],
[659, 255],
[658, 249],
[657, 238],
[655, 229],
[653, 220],
[649, 209],
[645, 199],
[641, 189],
[636, 179],
[631, 170],
[626, 160],
[620, 149],
[614, 138],
[609, 128],
[603, 118],
[597, 107],
[592, 99],
[590, 104],
[583, 106],
[577, 107],
[568, 104],
[557, 102],
[545, 100],
[533, 96],
[520, 94],
[509, 91],
[497, 89],
[485, 86],
[473, 84],
[461, 82],
[450, 83],
[441, 89],
[432, 93],
[421, 98],
[411, 103],
[399, 109],
[389, 115],
[379, 120],
[369, 127],
[359, 134],
[350, 141],
[340, 148],
[332, 156],
[323, 164],
[314, 173],
[304, 182],
[296, 191],
[288, 199],
[280, 207],
[273, 215],
[266, 222],
[259, 229],
[252, 236],
[245, 243],
[237, 249],
[230, 256],
[221, 262],
[213, 269],
[204, 276],
[196, 283],
[187, 290],
[178, 298],
[169, 305],
[169, 303],
[162, 317],
[165, 322],
[165, 332],
[167, 341],
[167, 351],
[167, 361],
[165, 363],
[168, 381],
[166, 391],
[-1, -1],
[158, 417],
[164, 402],
[162, 401],
[160, 402],
[162, 403],
[158, 414],
[149, 415],
[-1, -1],
[159, 410],
[149, 413],
[158, 410],
[145, 420],
[-1, -1],
[-1, -1],
[-1, -1],
[-1, -1],
[152, 418],
[150, 405],
[-1, -1],
[-1, -1],
[-1, -1],
[156, 414],
[154, 407],
[149, 415],
[156, 414],
[-1, -1],
[147, 418],
[-1, -1],
[159, 406],
[156, 414],
[158, 406],
[147, 420],
[-1, -1],
[-1, -1],
[145, 415],
[-1, -1],
[-1, -1],
[155, 401],
[-1, -1],
[145, 415],
[-1, -1],
[-1, -1],
[-1, -1],
[151, 408],
[-1, -1],
[-1, -1],
[166, 416],
[176, 414],
[165, 410],
[169, 407],
[180, 408],
[190, 404],
[199, 399],
[209, 395],
[219, 390],
[229, 386],
[241, 382],
[253, 378],
[266, 374],
[277, 371],
[289, 367],
[300, 363],
[311, 360],
[324, 356],
[336, 353],
[347, 349],
[359, 346],
[370, 343],
[382, 339],
[394, 335],
[405, 333],
[416, 330],
[427, 327],
[437, 325],
[448, 322],
[458, 320],
[469, 317],
[481, 314],
[492, 312],
[503, 310],
[515, 308],
[525, 306],
[536, 304],
[547, 301],
[558, 298],
[568, 296],
[577, 294],
[587, 291],
[601, 288],
[613, 285],
[625, 282],
[638, 280],
[649, 278],
[658, 276],
[653, 272],
[651, 269],
[652, 262],
[654, 253],
[658, 241],
[662, 231],
[665, 220],
[667, 211],
[669, 201],
[671, 191],
[673, 180],
[674, 170],
[674, 159],
[680, 146],
[674, 138],
[670, 132],
[664, 121],
[659, 113],
[653, 106],
[647, 97],
[643, 94],
[639, 97],
[630, 99],
[621, 103],
[611, 108],
[600, 114],
[590, 121],
[581, 128],
[573, 134],
[565, 141],
[556, 149],
[547, 156],
[538, 162],
[529, 169],
[518, 175],
[508, 179],
[497, 184],
[484, 188],
[473, 191],
[462, 194],
[451, 196],
[439, 197],
[429, 198],
[417, 199],
[407, 199],
[395, 198],
[383, 198],
[372, 198],
[361, 198],
[349, 199],
[338, 200],
[327, 201],
[315, 202],
[304, 202],
[292, 202],
[280, 201],
[269, 201],
[257, 200],
[247, 198],
[236, 196],
[225, 193],
[214, 191],
[203, 189],
[193, 188],
[181, 187],
[170, 186],
[166, 184],
[171, 182],
[172, 179],
[170, 172],
[166, 163],
[162, 152],
[158, 141],
[-1, -1],
[151, 115],
[-1, -1],
[153, 98],
[154, 96],
[154, 98],
[156, 96],
[156, 94],
[157, 93],
[159, 94],
[160, 93],
[160, 91],
[161, 91],
[161, 90],
[161, 90],
[161, 90],
[160, 90],
[159, 93],
[159, 94],
[157, 93],
[156, 94],
[166, 103],
[160, 98],
[164, 96],
[170, 90],
[175, 90],
[182, 90],
[189, 91],
[199, 95],
[212, 100],
[223, 104],
[234, 109],
[246, 115],
[257, 121],
[269, 128],
[280, 134],
[289, 139],
[298, 144],
[309, 151],
[321, 157],
[332, 163],
[343, 169],
[355, 174],
[366, 179],
[378, 183],
[390, 188],
[402, 191],
[414, 196],
[426, 200],
[436, 203],
[447, 207],
[458, 211],
[469, 216],
[479, 219],
[491, 223],
[503, 226],
[514, 229],
[526, 231],
[537, 234],
[549, 237],
[560, 239],
[570, 242],
[582, 245],
[594, 247],
[606, 251],
[620, 254],
[633, 258],
[645, 261],
[655, 263],
[659, 263],
[657, 263],
[654, 264],
[655, 268],
[659, 275],
[661, 283],
[664, 292],
[666, 303],
[666, 315],
[666, 325],
[664, 337],
[663, 347],
[661, 355],
[658, 368],
[655, 378],
[651, 388],
[649, 395],
[645, 405],
[645, 406],
[645, 406],
[650, 406],
[650, 404],
[640, 416],
[633, 404],
[625, 403],
[616, 400],
[608, 396],
[598, 390],
[589, 384],
[579, 377],
[570, 368],
[560, 360],
[551, 350],
[543, 342],
[535, 333],
[527, 325],
[518, 318],
[510, 310],
[502, 303],
[495, 297],
[486, 288],
[478, 281],
[469, 273],
[461, 266],
[451, 258],
[442, 250],
[431, 242],
[422, 236],
[413, 230],
[404, 225],
[394, 221],
[384, 218],
[375, 215],
[363, 212],
[351, 210],
[339, 208],
[326, 206],
[313, 204],
[302, 204],
[291, 203],
[280, 202],
[269, 202],
[259, 202],
[249, 200],
[237, 199],
[225, 198],
[214, 196],
[203, 194],
[192, 192],
[180, 189],
[168, 186],
[168, 185],
[160, 177],
[167, 170],
[177, 173],
[178, 165],
[179, 156],
[180, 146],
[181, 136],
[182, 124],
[185, 112],
[188, 100],
[188, 101],
[190, 103],
[192, 105],
[198, 104],
[205, 102],
[213, 100],
[223, 97],
[233, 94],
[244, 91],
[255, 89],
[265, 86],
[272, 89],
[279, 94],
[287, 100],
[294, 106],
[304, 112],
[314, 119],
[325, 124],
[336, 128],
[347, 131],
[357, 134],
[368, 137],
[379, 140],
[390, 143],
[402, 147],
[414, 151],
[425, 156],
[436, 162],
[446, 169],
[456, 177],
[466, 187],
[475, 197],
[483, 205],
[491, 214],
[499, 223],
[507, 232],
[515, 240],
[522, 248],
[530, 256],
[538, 264],
[545, 272],
[553, 279],
[562, 287],
[571, 295],
[581, 303],
[590, 311],
[600, 317],
[611, 324],
[621, 329],
[632, 335],
[642, 341],
[652, 345],
[659, 348],
[656, 348],
[652, 349],
[650, 354],
[647, 361],
[643, 369],
[638, 378],
[631, 386],
[622, 395],
[611, 402],
[604, 408],
[598, 412],
[593, 411],
[587, 408],
[581, 405],
[574, 400],
[566, 395],
[559, 390],
[551, 384],
[542, 379],
[532, 373],
[522, 368],
[511, 362],
[501, 357],
[491, 353],
[480, 349],
[469, 346],
[458, 343],
[448, 340],
[436, 337],
[424, 334],
[412, 330],
[402, 327],
[391, 323],
[380, 319],
[368, 315],
[357, 310],
[347, 305],
[335, 299],
[325, 292],
[314, 285],
[304, 278],
[294, 270],
[285, 263],
[276, 256],
[267, 249],
[259, 242],
[249, 233],
[238, 224],
[228, 216],
[219, 208],
[210, 202],
[200, 195],
[191, 188],
[181, 182],
[172, 177],
[163, 170],
[165, 168],
[167, 162],
[169, 154],
[169, 145],
[170, 134],
[172, 123],
[174, 112],
[-1, -1],
[177, 97],
[174, 96],
[173, 96],
[-1, -1],
[-1, -1],
[174, 102],
[175, 95],
[180, 97],
[188, 98],
[197, 101],
[207, 105],
[216, 110],
[225, 118],
[234, 126],
[244, 137],
[254, 147],
[263, 155],
[271, 163],
[280, 171],
[288, 179],
[296, 189],
[304, 198],
[311, 206],
[319, 215],
[325, 224],
[332, 232],
[338, 242],
[346, 254],
[353, 265],
[359, 275],
[365, 284],
[371, 293],
[379, 302],
[385, 309],
[394, 316],
[401, 322],
[412, 328],
[420, 333],
[429, 337],
[440, 342],
[452, 346],
[464, 350],
[475, 352],
[487, 356],
[499, 359],
[511, 362],
[522, 364],
[534, 366],
[546, 368],
[560, 370],
[573, 373],
[583, 374],
[595, 376],
[606, 377],
[617, 378],
[630, 380],
[642, 381],
[668, 388],
[660, 382],
[661, 379],
[661, 377],
[660, 378],
[-1, -1],
[664, 375],
[666, 391],
[669, 398],
[670, 403],
[672, 398],
[663, 403],
[660, 404],
[655, 408],
[653, 406],
[654, 410],
[638, 403],
[629, 399],
[619, 395],
[608, 388],
[597, 379],
[590, 372],
[583, 365],
[579, 355],
[576, 345],
[573, 335],
[572, 324],
[572, 312],
[572, 300],
[573, 289],
[575, 279],
[578, 268],
[581, 257],
[585, 247],
[588, 237],
[592, 226],
[597, 216],
[600, 205],
[604, 192],
[608, 181],
[612, 166],
[613, 155],
[615, 143],
[615, 131],
[614, 121],
[612, 110],
[609, 100],
[608, 97],
[604, 98],
[599, 97],
[591, 95],
[583, 92],
[571, 89],
[558, 86],
[546, 84],
[535, 84],
[525, 90],
[515, 96],
[507, 101],
[498, 107],
[489, 114],
[481, 122],
[473, 130],
[466, 140],
[460, 148],
[453, 159],
[447, 169],
[441, 178],
[436, 187],
[430, 197],
[423, 207],
[416, 217],
[409, 227],
[403, 236],
[397, 245],
[390, 254],
[384, 263],
[378, 272],
[372, 282],
[367, 291],
[364, 300],
[359, 309],
[354, 319],
[350, 329],
[345, 340],
[339, 351],
[334, 361],
[329, 372],
[325, 381],
[321, 390],
[316, 401],
[313, 405],
[311, 400],
[308, 398],
[303, 397],
[295, 396],
[286, 396],
[276, 395],
[265, 394],
[255, 394],
[243, 393],
[232, 393],
[221, 392],
[209, 391],
[194, 390],
[182, 389],
[170, 388],
[166, 388],
[176, 396],
[171, 394],
[173, 380],
[176, 368],
[184, 356],
[190, 345],
[198, 335],
[205, 325],
[214, 316],
[223, 308],
[232, 299],
[241, 291],
[250, 283],
[259, 276],
[266, 268],
[275, 260],
[282, 252],
[290, 243],
[297, 235],
[313, 217],
[320, 207],
[328, 197],
[334, 187],
[340, 178],
[346, 167],
[351, 156],
[356, 145],
[360, 134],
[363, 122],
[366, 110],
[369, 99],
[368, 99],
[365, 99],
[363, 97],
[361, 96],
[358, 98],
[353, 97],
[345, 95],
[335, 92],
[324, 92],
[315, 91],
[304, 91],
[293, 92],
[281, 94],
[270, 96],
[260, 99],
[250, 102],
[238, 105],
[225, 109],
[214, 113],
[202, 118],
[192, 124],
[181, 128],
[170, 134],
[163, 138],
[165, 137],
[166, 135],
[165, 132],
[161, 128],
[156, 122],
[152, 115],
[-1, -1],
[-1, -1],
[164, 97],
[168, 93],
[172, 94],
[179, 94],
[187, 96],
[197, 99],
[207, 102],
[217, 107],
[225, 113],
[234, 119],
[242, 128],
[249, 137],
[255, 146],
[262, 156],
[268, 167],
[274, 179],
[280, 191],
[286, 203],
[287, 212],
[300, 224],
[306, 233],
[314, 241],
[321, 249],
[330, 258],
[339, 267],
[-1, -1],
[356, 285],
[364, 293],
[371, 301],
[379, 309],
[387, 317],
[394, 325],
[402, 333],
[409, 341],
[416, 348],
[423, 357],
[431, 366],
[439, 375],
[447, 384],
[455, 391],
[463, 400],
[471, 407],
[479, 410],
[486, 409],
[495, 409],
[505, 406],
[515, 404],
[525, 400],
[536, 397],
[547, 393],
[557, 390],
[568, 386],
[578, 382],
[588, 379],
[599, 375],
[610, 372],
[622, 369],
[635, 366],
[645, 364],
[656, 363],
[655, 360],
[656, 355],
[660, 350],
[665, 340],
[669, 332],
[673, 320],
[676, 312],
[675, 305],
[668, 296],
[659, 287],
[651, 281],
[644, 276],
[637, 271],
[629, 266],
[620, 259],
[611, 253],
[604, 246],
[596, 239],
[589, 233],
[582, 225],
[576, 217],
[569, 207],
[564, 200],
[558, 190],
[552, 181],
[545, 171],
[538, 162],
[532, 153],
[525, 144],
[518, 135],
[510, 126],
[503, 118],
[495, 110],
[487, 100],
[476, 87],
[478, 104],
[471, 106],
[462, 107],
[452, 108],
[442, 110],
[429, 111],
[418, 112],
[406, 113],
[395, 112],
[386, 112],
[376, 111],
[367, 109],
[357, 106],
[348, 102],
[339, 97],
[332, 94],
[326, 98],
[318, 100],
[308, 100],
[296, 100],
[284, 98],
[272, 95],
[261, 92],
[252, 90],
[244, 91],
[235, 92],
[224, 92],
[212, 92],
[200, 91],
[186, 91],
[175, 91],
[165, 91],
[168, 95],
[168, 99],
[165, 107],
[163, 114],
[162, 123],
[161, 133],
[160, 142],
[158, 152],
[157, 161],
[155, 173],
[152, 185],
[153, 193],
[156, 206],
[159, 218],
[163, 228],
[168, 240],
[173, 251],
[177, 261],
[181, 270],
[184, 279],
[187, 289],
[190, 297],
[192, 308],
[194, 336],
[196, 332],
[199, 344],
[201, 354],
[203, 364],
[205, 375],
[208, 387],
[211, 398],
[213, 402],
[212, 400],
[211, 396],
[211, 387],
[201, 395],
[192, 396],
[183, 397],
[173, 396],
[163, 400],
[165, 396],
[169, 395],
[167, 391],
[176, 383],
[-1, -1],
[187, 367],
[193, 358],
[202, 349],
[209, 341],
[219, 333],
[229, 324],
[239, 317],
[250, 309],
[263, 302],
[274, 295],
[284, 289],
[294, 283],
[304, 278],
[315, 272],
[326, 267],
[337, 262],
[349, 259],
[362, 256],
[373, 254],
[386, 253],
[398, 253],
[411, 253],
[424, 255],
[436, 258],
[448, 262],
[460, 267],
[471, 273],
[482, 279],
[492, 285],
[502, 292],
[511, 300],
[520, 308],
[529, 317],
[538, 326],
[545, 334],
[553, 343],
[561, 352],
[569, 362],
[578, 370],
[586, 377],
[595, 383],
[605, 389],
[614, 393],
[624, 397],
[635, 400],
[646, 404],
[655, 405],
[658, 404],
[659, 406],
[659, 399],
[656, 397],
[659, 389],
[661, 381],
[662, 369],
[662, 360],
[661, 351],
[659, 340],
[657, 330],
[654, 319],
[652, 311],
[650, 300],
[648, 276],
[646, 278],
[646, 266],
[647, 255],
[647, 244],
[649, 233],
[650, 221],
[652, 210],
[654, 198],
[656, 186],
[659, 174],
[662, 163],
[665, 151],
[669, 140],
[671, 131],
[672, 123],
[672, 113],
[672, 103],
[672, 102],
[662, 94],
[666, 103],
[654, 98],
[645, 97],
[637, 98],
[628, 100],
[620, 105],
[613, 111],
[606, 119],
[601, 130],
[596, 139],
[-1, -1],
[590, 159],
[586, 171],
[583, 182],
[579, 193],
[575, 204],
[571, 213],
[566, 222],
